0 0.0361010830325 0.674785100287 0.0216606498195 0.0171919770774
0 0.0342960288809 0.707736389685 0.0252707581227 0.0143266475645
0 0.0379061371841 0.743553008596 0.0252707581227 0.0143266475645
0 0.0351985559567 0.775787965616 0.0198555956679 0.0157593123209
0 0.632671480144 0.752865329513 0.0198555956679 0.012893982808
0 0.63357400722 0.835243553009 0.0216606498195 0.0143266475645
0 0.634476534296 0.914040114613 0.0198555956679 0.0114613180516
0 0.516245487365 0.189111747851 0.0216606498195 0.0200573065903
0 0.515342960289 0.222779369628 0.0198555956679 0.0157593123209
0 0.513537906137 0.292263610315 0.0234657039711 0.0143266475645
0 0.513537906137 0.327363896848 0.0270758122744 0.0214899713467
0 0.0361010830325 0.194126074499 0.0216606498195 0.0186246418338
0 0.0370036101083 0.261461318052 0.0234657039711 0.0186246418338
0 0.0370036101083 0.123925501433 0.0234657039711 0.0186246418338
